{
    "extrinsics": [
        [
            [
                0.9599394202232361,
                -0.012399540282785892,
                -0.27993321418762207,
                -2.268306016921997
            ],
            [
                0.008109351620078087,
                0.9998313188552856,
                -0.01647881045937538,
                114.6415023803711
            ],
            [
                0.2800903022289276,
                0.013548590242862701,
                0.9598780274391174,
                0.4631088078022003
            ],
            [
                0.0,
                0.0,
                0.0,
                1.0
            ]
        ],
        [
            [
                0.9599372744560242,
                -0.012462539598345757,
                -0.2799377143383026,
                -2.2748310565948486
            ],
            [
                0.008186829276382923,
                0.9998313784599304,
                -0.016437940299510956,
                114.6415023803711
            ],
            [
                0.2800953984260559,
                0.013487589545547962,
                0.9598773717880249,
                0.4559268057346344
            ],
            [
                0.0,
                0.0,
                0.0,
                1.0
            ]
        ],
        [
            [
                0.9599347710609436,
                -0.012429529801011086,
                -0.2799474895000458,
                -2.270181894302368
            ],
            [
                0.0081227608025074,
                0.9998301863670349,
                -0.01653916947543621,
                114.6415023803711
            ],
            [
                0.2801055908203125,
                0.013602579943835735,
                0.9598727822303772,
                0.4686967134475708
            ],
            [
                0.0,
                0.0,
                0.0,
                1.0
            ]
        ],
        [
            [
                0.9599571228027344,
                -0.012437540106475353,
                -0.2798708975315094,
                -2.2706100940704346
            ],
            [
                0.008140165358781815,
                0.9998304843902588,
                -0.01651196926832199,
                114.6415023803711
            ],
            [
                0.28002890944480896,
                0.013572580181062222,
                0.9598956108093262,
                0.4650743901729584
            ],
            [
                0.0,
                0.0,
                0.0,
                1.0
            ]
        ],
        [
            [
                0.9599493145942688,
                -0.01243853010237217,
                -0.27989768981933594,
                -2.27054500579834
            ],
            [
                0.008137861266732216,
                0.999830424785614,
                -0.01652207039296627,
                114.6415023803711
            ],
            [
                0.2800557017326355,
                0.013582579791545868,
                0.959887683391571,
                0.46599510312080383
            ],
            [
                0.0,
                0.0,
                0.0,
                1.0
            ]
        ],
        [
            [
                0.9599223732948303,
                -0.012515529990196228,
                -0.27998629212379456,
                -2.2784390449523926
            ],
            [
                0.008227887563407421,
                0.9998303055763245,
                -0.016483919695019722,
                114.64140319824219
            ],
            [
                0.2801451086997986,
                0.01351958978921175,
                0.959862470626831,
                0.4582292139530182
            ],
            [
                0.0,
                0.0,
                0.0,
                1.0
            ]
        ],
        [
            [
                0.9599568247795105,
                -0.012449529953300953,
                -0.2798711955547333,
                -2.2702889442443848
            ],
            [
                0.008141867816448212,
                0.999829888343811,
                -0.01654892973601818,
                114.6415023803711
            ],
            [
                0.2800295948982239,
                0.013607580214738846,
                0.9598948955535889,
                0.4675261974334717
            ],
            [
                0.0,
                0.0,
                0.0,
                1.0
            ]
        ],
        [
            [
                0.9599542021751404,
                -0.012478530406951904,
                -0.27987900376319885,
                -2.2729740142822266
            ],
            [
                0.008183293975889683,
                0.9998301863670349,
                -0.016510069370269775,
                114.6415023803711
            ],
            [
                0.2800374925136566,
                0.013558579608798027,
                0.9598932862281799,
                0.46164658665657043
            ],
            [
                0.0,
                0.0,
                0.0,
                1.0
            ]
        ],
        [
            [
                0.959971010684967,
                -0.012554519809782505,
                -0.2798180878162384,
                -2.280435085296631
            ],
            [
                0.008251676335930824,
                0.9998289942741394,
                -0.016550030559301376,
                114.64140319824219
            ],
            [
                0.2799780070781708,
                0.013578579761087894,
                0.9599103927612305,
                0.4636138081550598
            ],
            [
                0.0,
                0.0,
                0.0,
                1.0
            ]
        ],
        [
            [
                0.9599894881248474,
                -0.012502520345151424,
                -0.27975669503211975,
                -2.274014949798584
            ],
            [
                0.008206750266253948,
                0.9998298287391663,
                -0.016521509736776352,
                114.6415023803711
            ],
            [
                0.27991560101509094,
                0.013564580120146275,
                0.9599288105964661,
                0.4617598056793213
            ],
            [
                0.0,
                0.0,
                0.0,
                1.0
            ]
        ],
        [
            [
                0.9599977731704712,
                -0.01247652992606163,
                -0.27972930669784546,
                -2.2696309089660645
            ],
            [
                0.008183388039469719,
                0.9998301863670349,
                -0.016510160639882088,
                114.6415023803711
            ],
            [
                0.2798877954483032,
                0.013560590334236622,
                0.9599369168281555,
                0.4609619975090027
            ],
            [
                0.0,
                0.0,
                0.0,
                1.0
            ]
        ],
        [
            [
                0.9599900841712952,
                -0.01250552013516426,
                -0.27975448966026306,
                -2.2722580432891846
            ],
            [
                0.00820518471300602,
                0.9998295903205872,
                -0.01653769053518772,
                114.6415023803711
            ],
            [
                0.27991369366645813,
                0.013580580241978168,
                0.9599291086196899,
                0.46299809217453003
            ],
            [
                0.0,
                0.0,
                0.0,
                1.0
            ]
        ],
        [
            [
                0.9599922895431519,
                -0.012460540048778057,
                -0.2797490060329437,
                -2.2665200233459473
            ],
            [
                0.008173576556146145,
                0.9998307228088379,
                -0.01648568920791149,
                114.6416015625
            ],
            [
                0.2799069881439209,
                0.013539589941501617,
                0.9599316120147705,
                0.4578574001789093
            ],
            [
                0.0,
                0.0,
                0.0,
                1.0
            ]
        ],
        [
            [
                0.9600114822387695,
                -0.012475520372390747,
                -0.27968260645866394,
                -2.2673280239105225
            ],
            [
                0.008170071057975292,
                0.9998295903205872,
                -0.01655459962785244,
                114.6416015625
            ],
            [
                0.27984151244163513,
                0.013607580214738846,
                0.959949791431427,
                0.4650092124938965
            ],
            [
                0.0,
                0.0,
                0.0,
                1.0
            ]
        ],
        [
            [
                0.9600076079368591,
                -0.012540520168840885,
                -0.27969300746917725,
                -2.274014949798584
            ],
            [
                0.008253276348114014,
                0.9998298287391663,
                -0.01650087907910347,
                114.6415023803711
            ],
            [
                0.2798523008823395,
                0.013532590121030807,
                0.9599477052688599,
                0.4562622010707855
            ],
            [
                0.0,
                0.0,
                0.0,
                1.0
            ]
        ],
        [
            [
                0.9600077867507935,
                -0.012460529804229736,
                -0.27969568967819214,
                -2.2642500400543213
            ],
            [
                0.008162730373442173,
                0.9998301267623901,
                -0.01652555912733078,
                114.6416015625
            ],
            [
                0.27985408902168274,
                0.013581579551100731,
                0.9599465131759644,
                0.46132349967956543
            ],
            [
                0.0,
                0.0,
                0.0,
                1.0
            ]
        ],
        [
            [
                0.9600095152854919,
                -0.012444529682397842,
                -0.2796908915042877,
                -2.2614200115203857
            ],
            [
                0.008142419159412384,
                0.9998301267623901,
                -0.01653832010924816,
                114.6417007446289
            ],
            [
                0.27984920144081116,
                0.013599580153822899,
                0.9599475860595703,
                0.4625568091869354
            ],
            [
                0.0,
                0.0,
                0.0,
                1.0
            ]
        ]
    ],
    "intrinsics": [
        [
            725.0087280273438,
            0.0,
            187.0
        ],
        [
            0.0,
            725.0087280273438,
            187.0
        ],
        [
            0.0,
            0.0,
            1.0
        ]
    ],
    "timestamp": [
        0.0,
        0.03333333507180214,
        0.06666667014360428,
        0.10000000894069672,
        0.13333334028720856,
        0.1666666716337204,
        0.20000001788139343,
        0.23333334922790527,
        0.2666666805744171,
        0.30000001192092896,
        0.3333333432674408,
        0.36666667461395264,
        0.40000003576278687,
        0.4333333671092987,
        0.46666669845581055,
        0.5,
        0.5333333611488342
    ],
    "captions": "a busy highway scene with multiple lanes of traffic, including cars and a red truck, moving in both directions under clear skies. The road is lined with streetlights and surrounded by greenery on both sides.",
    "video_frames": [
        "/proj/vcail_lab/users/zihaozou/data/virtual_kitti2/Scene06/clone/frames/rgb/Camera_1/rgb_00102.jpg",
        "/proj/vcail_lab/users/zihaozou/data/virtual_kitti2/Scene06/clone/frames/rgb/Camera_1/rgb_00103.jpg",
        "/proj/vcail_lab/users/zihaozou/data/virtual_kitti2/Scene06/clone/frames/rgb/Camera_1/rgb_00104.jpg",
        "/proj/vcail_lab/users/zihaozou/data/virtual_kitti2/Scene06/clone/frames/rgb/Camera_1/rgb_00105.jpg",
        "/proj/vcail_lab/users/zihaozou/data/virtual_kitti2/Scene06/clone/frames/rgb/Camera_1/rgb_00106.jpg",
        "/proj/vcail_lab/users/zihaozou/data/virtual_kitti2/Scene06/clone/frames/rgb/Camera_1/rgb_00107.jpg",
        "/proj/vcail_lab/users/zihaozou/data/virtual_kitti2/Scene06/clone/frames/rgb/Camera_1/rgb_00108.jpg",
        "/proj/vcail_lab/users/zihaozou/data/virtual_kitti2/Scene06/clone/frames/rgb/Camera_1/rgb_00109.jpg",
        "/proj/vcail_lab/users/zihaozou/data/virtual_kitti2/Scene06/clone/frames/rgb/Camera_1/rgb_00110.jpg",
        "/proj/vcail_lab/users/zihaozou/data/virtual_kitti2/Scene06/clone/frames/rgb/Camera_1/rgb_00111.jpg",
        "/proj/vcail_lab/users/zihaozou/data/virtual_kitti2/Scene06/clone/frames/rgb/Camera_1/rgb_00112.jpg",
        "/proj/vcail_lab/users/zihaozou/data/virtual_kitti2/Scene06/clone/frames/rgb/Camera_1/rgb_00113.jpg",
        "/proj/vcail_lab/users/zihaozou/data/virtual_kitti2/Scene06/clone/frames/rgb/Camera_1/rgb_00114.jpg",
        "/proj/vcail_lab/users/zihaozou/data/virtual_kitti2/Scene06/clone/frames/rgb/Camera_1/rgb_00115.jpg",
        "/proj/vcail_lab/users/zihaozou/data/virtual_kitti2/Scene06/clone/frames/rgb/Camera_1/rgb_00116.jpg",
        "/proj/vcail_lab/users/zihaozou/data/virtual_kitti2/Scene06/clone/frames/rgb/Camera_1/rgb_00117.jpg",
        "/proj/vcail_lab/users/zihaozou/data/virtual_kitti2/Scene06/clone/frames/rgb/Camera_1/rgb_00118.jpg"
    ]
}