{
    "extrinsics": [
        [
            [
                -0.8127359747886658,
                -0.026626400649547577,
                -0.5820236206054688,
                -7.536014080047607
            ],
            [
                -0.018216410651803017,
                0.9996281266212463,
                -0.02029361017048359,
                271.473388671875
            ],
            [
                0.5823475122451782,
                -0.005890966858714819,
                -0.8129189014434814,
                -13.04380989074707
            ],
            [
                0.0,
                0.0,
                0.0,
                1.0
            ]
        ],
        [
            [
                -0.8126873970031738,
                -0.02657628059387207,
                -0.5820937752723694,
                -7.523221015930176
            ],
            [
                -0.017699090763926506,
                0.9996243119239807,
                -0.02092869020998478,
                271.4613952636719
            ],
            [
                0.5824313163757324,
                -0.006705950014293194,
                -0.8128523826599121,
                -13.51906967163086
            ],
            [
                0.0,
                0.0,
                0.0,
                1.0
            ]
        ],
        [
            [
                -0.8126552104949951,
                -0.026308270171284676,
                -0.5821508169174194,
                -7.451284885406494
            ],
            [
                -0.017150679603219032,
                0.999627411365509,
                -0.021233130246400833,
                271.45379638671875
            ],
            [
                0.582492470741272,
                -0.007270934991538525,
                -0.8128036260604858,
                -13.930769920349121
            ],
            [
                0.0,
                0.0,
                0.0,
                1.0
            ]
        ],
        [
            [
                -0.8124942183494568,
                -0.026227250695228577,
                -0.5823792815208435,
                -7.432104110717773
            ],
            [
                -0.016945989802479744,
                0.9996278882026672,
                -0.021376069635152817,
                271.4490051269531
            ],
            [
                0.5827232003211975,
                -0.007498930208384991,
                -0.8126363158226013,
                -14.282819747924805
            ],
            [
                0.0,
                0.0,
                0.0,
                1.0
            ]
        ],
        [
            [
                -0.8124229907989502,
                -0.026332179084420204,
                -0.5824735760688782,
                -7.4613142013549805
            ],
            [
                -0.01694243960082531,
                0.9996240139007568,
                -0.021559519693255424,
                271.4440002441406
            ],
            [
                0.582822322845459,
                -0.007646926213055849,
                -0.8125637173652649,
                -14.59237003326416
            ],
            [
                0.0,
                0.0,
                0.0,
                1.0
            ]
        ],
        [
            [
                -0.8121501207351685,
                -0.026298120617866516,
                -0.5828558802604675,
                -7.457437038421631
            ],
            [
                -0.01667010970413685,
                0.9996216893196106,
                -0.021874260157346725,
                271.4360046386719
            ],
            [
                0.5832105875015259,
                -0.008048913441598415,
                -0.8122814297676086,
                -14.97758960723877
            ],
            [
                0.0,
                0.0,
                0.0,
                1.0
            ]
        ],
        [
            [
                -0.8117473721504211,
                -0.02622004970908165,
                -0.583419680595398,
                -7.444699764251709
            ],
            [
                -0.016351550817489624,
                0.9996203780174255,
                -0.022174030542373657,
                271.427490234375
            ],
            [
                0.5837795734405518,
                -0.008459898643195629,
                -0.8118680715560913,
                -15.400989532470703
            ],
            [
                0.0,
                0.0,
                0.0,
                1.0
            ]
        ],
        [
            [
                -0.8112872242927551,
                -0.026112040504813194,
                -0.5840646028518677,
                -7.425304889678955
            ],
            [
                -0.01610778085887432,
                0.9996212124824524,
                -0.022316230461001396,
                271.4219055175781
            ],
            [
                0.5844259858131409,
                -0.008696891367435455,
                -0.8114004135131836,
                -15.757740020751953
            ],
            [
                0.0,
                0.0,
                0.0,
                1.0
            ]
        ],
        [
            [
                -0.8107336759567261,
                -0.026295969262719154,
                -0.5848243236541748,
                -7.486730098724365
            ],
            [
                -0.01623300090432167,
                0.9996163249015808,
                -0.02244305983185768,
                271.4172058105469
            ],
            [
                0.5851901173591614,
                -0.008701889775693417,
                -0.8108494281768799,
                -16.091230392456055
            ],
            [
                0.0,
                0.0,
                0.0,
                1.0
            ]
        ],
        [
            [
                -0.8102719187736511,
                -0.026721710339188576,
                -0.5854446887969971,
                -7.610926151275635
            ],
            [
                -0.016325650736689568,
                0.9996014833450317,
                -0.023030100390315056,
                271.4045104980469
            ],
            [
                0.5858268141746521,
                -0.009102875366806984,
                -0.8103852272033691,
                -16.513059616088867
            ],
            [
                0.0,
                0.0,
                0.0,
                1.0
            ]
        ],
        [
            [
                -0.8098905086517334,
                -0.02685254067182541,
                -0.5859662294387817,
                -7.65415620803833
            ],
            [
                -0.016123449429869652,
                0.9995933175086975,
                -0.023522499948740005,
                271.3918151855469
            ],
            [
                0.5863593816757202,
                -0.009602854028344154,
                -0.8099939823150635,
                -16.972490310668945
            ],
            [
                0.0,
                0.0,
                0.0,
                1.0
            ]
        ],
        [
            [
                -0.809375524520874,
                -0.026566529646515846,
                -0.5866901874542236,
                -7.588107109069824
            ],
            [
                -0.015605559572577477,
                0.9995964765548706,
                -0.023734919726848602,
                271.3822937011719
            ],
            [
                0.5870841145515442,
                -0.010054830461740494,
                -0.809463620185852,
                -17.46466064453125
            ],
            [
                0.0,
                0.0,
                0.0,
                1.0
            ]
        ],
        [
            [
                -0.8090112209320068,
                -0.026652410626411438,
                -0.5871890783309937,
                -7.619293212890625
            ],
            [
                -0.01546288002282381,
                0.9995908141136169,
                -0.024066980928182602,
                271.37188720703125
            ],
            [
                0.5875902771949768,
                -0.010390819981694221,
                -0.8090922236442566,
                -17.904970169067383
            ],
            [
                0.0,
                0.0,
                0.0,
                1.0
            ]
        ],
        [
            [
                -0.808593213558197,
                -0.026915229856967926,
                -0.587752103805542,
                -7.699662208557129
            ],
            [
                -0.015525559894740582,
                0.9995812773704529,
                -0.024415219202637672,
                271.3617858886719
            ],
            [
                0.5881630778312683,
                -0.01061679981648922,
                -0.8086724877357483,
                -18.327890396118164
            ],
            [
                0.0,
                0.0,
                0.0,
                1.0
            ]
        ],
        [
            [
                -0.8082659840583801,
                -0.02677329070866108,
                -0.5882084965705872,
                -7.668656826019287
            ],
            [
                -0.015401819720864296,
                0.9995852112770081,
                -0.02433392032980919,
                271.3583984375
            ],
            [
                0.5886160731315613,
                -0.010608799755573273,
                -0.8083431720733643,
                -18.73925018310547
            ],
            [
                0.0,
                0.0,
                0.0,
                1.0
            ]
        ],
        [
            [
                -0.8081523776054382,
                -0.026519320905208588,
                -0.588376522064209,
                -7.602359771728516
            ],
            [
                -0.015017859637737274,
                0.9995887875556946,
                -0.024426020681858063,
                271.3504943847656
            ],
            [
                0.5887823104858398,
                -0.010903789661824703,
                -0.8082184195518494,
                -19.2078800201416
            ],
            [
                0.0,
                0.0,
                0.0,
                1.0
            ]
        ],
        [
            [
                -0.8081601858139038,
                -0.02676316909492016,
                -0.5883545279502869,
                -7.667057037353516
            ],
            [
                -0.015135399997234344,
                0.9995809197425842,
                -0.024679219350218773,
                271.34161376953125
            ],
            [
                0.5887684226036072,
                -0.01103978045284748,
                -0.8082265257835388,
                -19.647010803222656
            ],
            [
                0.0,
                0.0,
                0.0,
                1.0
            ]
        ]
    ],
    "intrinsics": [
        [
            725.0087280273438,
            0.0,
            187.0
        ],
        [
            0.0,
            725.0087280273438,
            187.0
        ],
        [
            0.0,
            0.0,
            1.0
        ]
    ],
    "timestamp": [
        0.0,
        0.03333333507180214,
        0.06666667014360428,
        0.10000000894069672,
        0.13333334028720856,
        0.1666666716337204,
        0.20000001788139343,
        0.23333334922790527,
        0.2666666805744171,
        0.30000001192092896,
        0.3333333432674408,
        0.36666667461395264,
        0.40000003576278687,
        0.4333333671092987,
        0.46666669845581055,
        0.5,
        0.5333333611488342
    ],
    "captions": "a busy highway with multiple lanes of traffic, including cars and a motorcycle, moving in both directions. The road is bordered by greenery on one side and a concrete barrier on the other, with various road signs visible along the way.",
    "video_frames": [
        "/proj/vcail_lab/users/zihaozou/data/virtual_kitti2/Scene20/clone/frames/rgb/Camera_0/rgb_00034.jpg",
        "/proj/vcail_lab/users/zihaozou/data/virtual_kitti2/Scene20/clone/frames/rgb/Camera_0/rgb_00035.jpg",
        "/proj/vcail_lab/users/zihaozou/data/virtual_kitti2/Scene20/clone/frames/rgb/Camera_0/rgb_00036.jpg",
        "/proj/vcail_lab/users/zihaozou/data/virtual_kitti2/Scene20/clone/frames/rgb/Camera_0/rgb_00037.jpg",
        "/proj/vcail_lab/users/zihaozou/data/virtual_kitti2/Scene20/clone/frames/rgb/Camera_0/rgb_00038.jpg",
        "/proj/vcail_lab/users/zihaozou/data/virtual_kitti2/Scene20/clone/frames/rgb/Camera_0/rgb_00039.jpg",
        "/proj/vcail_lab/users/zihaozou/data/virtual_kitti2/Scene20/clone/frames/rgb/Camera_0/rgb_00040.jpg",
        "/proj/vcail_lab/users/zihaozou/data/virtual_kitti2/Scene20/clone/frames/rgb/Camera_0/rgb_00041.jpg",
        "/proj/vcail_lab/users/zihaozou/data/virtual_kitti2/Scene20/clone/frames/rgb/Camera_0/rgb_00042.jpg",
        "/proj/vcail_lab/users/zihaozou/data/virtual_kitti2/Scene20/clone/frames/rgb/Camera_0/rgb_00043.jpg",
        "/proj/vcail_lab/users/zihaozou/data/virtual_kitti2/Scene20/clone/frames/rgb/Camera_0/rgb_00044.jpg",
        "/proj/vcail_lab/users/zihaozou/data/virtual_kitti2/Scene20/clone/frames/rgb/Camera_0/rgb_00045.jpg",
        "/proj/vcail_lab/users/zihaozou/data/virtual_kitti2/Scene20/clone/frames/rgb/Camera_0/rgb_00046.jpg",
        "/proj/vcail_lab/users/zihaozou/data/virtual_kitti2/Scene20/clone/frames/rgb/Camera_0/rgb_00047.jpg",
        "/proj/vcail_lab/users/zihaozou/data/virtual_kitti2/Scene20/clone/frames/rgb/Camera_0/rgb_00048.jpg",
        "/proj/vcail_lab/users/zihaozou/data/virtual_kitti2/Scene20/clone/frames/rgb/Camera_0/rgb_00049.jpg",
        "/proj/vcail_lab/users/zihaozou/data/virtual_kitti2/Scene20/clone/frames/rgb/Camera_0/rgb_00050.jpg"
    ]
}