{
    "extrinsics": [
        [
            [
                0.7385138273239136,
                0.02509170025587082,
                0.673771321773529,
                6.185429096221924
            ],
            [
                -0.013616349548101425,
                0.9996585249900818,
                -0.022303219884634018,
                114.96880340576172
            ],
            [
                -0.6741008162498474,
                0.007296935189515352,
                0.738603413105011,
                -61.4051399230957
            ],
            [
                0.0,
                0.0,
                0.0,
                1.0
            ]
        ],
        [
            [
                0.7420626282691956,
                0.025571579113602638,
                0.6698427200317383,
                6.569005966186523
            ],
            [
                -0.014262709766626358,
                0.9996482133865356,
                -0.02236161008477211,
                114.94960021972656
            ],
            [
                -0.6701788902282715,
                0.007039941847324371,
                0.7421662211418152,
                -62.61030960083008
            ],
            [
                0.0,
                0.0,
                0.0,
                1.0
            ]
        ],
        [
            [
                0.7455812096595764,
                0.02430701069533825,
                0.6659713983535767,
                6.760295867919922
            ],
            [
                -0.013444580137729645,
                0.9996799230575562,
                -0.021435150876641273,
                114.95709991455078
            ],
            [
                -0.6662791967391968,
                0.007027942221611738,
                0.7456691861152649,
                -63.67905044555664
            ],
            [
                0.0,
                0.0,
                0.0,
                1.0
            ]
        ],
        [
            [
                0.7492861151695251,
                0.024842679500579834,
                0.6617802977561951,
                7.187905788421631
            ],
            [
                -0.013434570282697678,
                0.9996606707572937,
                -0.022315440699458122,
                115.00340270996094
            ],
            [
                -0.6621100902557373,
                0.007829921320080757,
                0.7493656277656555,
                -64.65046691894531
            ],
            [
                0.0,
                0.0,
                0.0,
                1.0
            ]
        ],
        [
            [
                0.7530528903007507,
                0.025608399882912636,
                0.6574612855911255,
                7.6409912109375
            ],
            [
                -0.014077110216021538,
                0.9996405839920044,
                -0.02281256951391697,
                115.00350189208984
            ],
            [
                -0.657809317111969,
                0.007923917844891548,
                0.753142774105072,
                -65.81272888183594
            ],
            [
                0.0,
                0.0,
                0.0,
                1.0
            ]
        ],
        [
            [
                0.7564300894737244,
                0.02586318925023079,
                0.6535630226135254,
                8.004074096679688
            ],
            [
                -0.014044609852135181,
                0.9996297955513,
                -0.023302799090743065,
                115.03620147705078
            ],
            [
                -0.6539236903190613,
                0.008447900414466858,
                0.7565132975578308,
                -66.81426239013672
            ],
            [
                0.0,
                0.0,
                0.0,
                1.0
            ]
        ],
        [
            [
                0.7598772048950195,
                0.025378290563821793,
                0.6495711207389832,
                8.290538787841797
            ],
            [
                -0.013566110283136368,
                0.9996392130851746,
                -0.023185379803180695,
                115.06500244140625
            ],
            [
                -0.6499251127243042,
                0.008805889636278152,
                0.7599472999572754,
                -67.84101104736328
            ],
            [
                0.0,
                0.0,
                0.0,
                1.0
            ]
        ],
        [
            [
                0.7638257145881653,
                0.027488969266414642,
                0.6448370218276978,
                8.937904357910156
            ],
            [
                -0.016851000487804413,
                0.999601423740387,
                -0.022651899605989456,
                114.88130187988281
            ],
            [
                -0.6452025771141052,
                0.006435955874621868,
                0.7639843821525574,
                -69.27484893798828
            ],
            [
                0.0,
                0.0,
                0.0,
                1.0
            ]
        ],
        [
            [
                0.7674291133880615,
                0.025129880756139755,
                0.6406409740447998,
                9.045293807983398
            ],
            [
                -0.015327559784054756,
                0.9996650815010071,
                -0.020851990208029747,
                114.88269805908203
            ],
            [
                -0.6409505009651184,
                0.006182959768921137,
                0.7675573229789734,
                -70.34690856933594
            ],
            [
                0.0,
                0.0,
                0.0,
                1.0
            ]
        ],
        [
            [
                0.7713472247123718,
                0.024575719609856606,
                0.63593989610672,
                9.404003143310547
            ],
            [
                -0.01380671001970768,
                0.9996650815010071,
                -0.021885279566049576,
                115.02159881591797
            ],
            [
                -0.6362646818161011,
                0.008100911974906921,
                0.7714282274246216,
                -71.2600326538086
            ],
            [
                0.0,
                0.0,
                0.0,
                1.0
            ]
        ],
        [
            [
                0.7747663855552673,
                0.02338472008705139,
                0.6318150162696838,
                9.643695831298828
            ],
            [
                -0.01186726987361908,
                0.9996775984764099,
                -0.0224477406591177,
                115.16220092773438
            ],
            [
                -0.6321362257003784,
                0.009893838316202164,
                0.7747942209243774,
                -72.07315063476562
            ],
            [
                0.0,
                0.0,
                0.0,
                1.0
            ]
        ],
        [
            [
                0.7783467173576355,
                0.02270657941699028,
                0.6274241209030151,
                9.96957778930664
            ],
            [
                -0.010532760061323643,
                0.9996774196624756,
                -0.023112140595912933,
                115.27850341796875
            ],
            [
                -0.6277464032173157,
                0.011380749754607677,
                0.7783346772193909,
                -72.9127197265625
            ],
            [
                0.0,
                0.0,
                0.0,
                1.0
            ]
        ],
        [
            [
                0.7816290259361267,
                0.02394695021212101,
                0.6232838034629822,
                10.488080024719238
            ],
            [
                -0.011158909648656845,
                0.9996396899223328,
                -0.02441295050084591,
                115.32420349121094
            ],
            [
                -0.6236438155174255,
                0.012126710265874863,
                0.7816146016120911,
                -73.93132781982422
            ],
            [
                0.0,
                0.0,
                0.0,
                1.0
            ]
        ],
        [
            [
                0.7840337157249451,
                0.025175580754876137,
                0.6202074289321899,
                10.909709930419922
            ],
            [
                -0.012398120015859604,
                0.9996129870414734,
                -0.024903429672122,
                115.293701171875
            ],
            [
                -0.6205943822860718,
                0.011835720390081406,
                0.7840424180030823,
                -74.95889282226562
            ],
            [
                0.0,
                0.0,
                0.0,
                1.0
            ]
        ],
        [
            [
                0.7861400246620178,
                0.027185359969735146,
                0.6174502968788147,
                11.378129959106445
            ],
            [
                -0.015365010127425194,
                0.9995831251144409,
                -0.02444726973772049,
                115.1166000366211
            ],
            [
                -0.6178573966026306,
                0.009731847792863846,
                0.7862299084663391,
                -76.28663635253906
            ],
            [
                0.0,
                0.0,
                0.0,
                1.0
            ]
        ],
        [
            [
                0.788008987903595,
                0.029647590592503548,
                0.6149494051933289,
                11.881580352783203
            ],
            [
                -0.01815824955701828,
                0.9995244741439819,
                -0.024920150637626648,
                114.99230194091797
            ],
            [
                -0.6153957843780518,
                0.008470897562801838,
                0.788172721862793,
                -77.397216796875
            ],
            [
                0.0,
                0.0,
                0.0,
                1.0
            ]
        ],
        [
            [
                0.7899001240730286,
                0.030437780544161797,
                0.6124796271324158,
                12.196439743041992
            ],
            [
                -0.017927899956703186,
                0.9994866847991943,
                -0.026549309492111206,
                115.10269927978516
            ],
            [
                -0.6129733920097351,
                0.009990833699703217,
                0.7900403738021851,
                -78.17491912841797
            ],
            [
                0.0,
                0.0,
                0.0,
                1.0
            ]
        ]
    ],
    "intrinsics": [
        [
            725.0087280273438,
            0.0,
            187.0
        ],
        [
            0.0,
            725.0087280273438,
            187.0
        ],
        [
            0.0,
            0.0,
            1.0
        ]
    ],
    "timestamp": [
        0.0,
        0.03333333507180214,
        0.06666667014360428,
        0.10000000894069672,
        0.13333334028720856,
        0.1666666716337204,
        0.20000001788139343,
        0.23333334922790527,
        0.2666666805744171,
        0.30000001192092896,
        0.3333333432674408,
        0.36666667461395264,
        0.40000003576278687,
        0.4333333671092987,
        0.46666669845581055,
        0.5,
        0.5333333611488342
    ],
    "captions": "a wide, tree-lined street with multiple lanes and a few cars driving at a moderate speed. The environment is bright and sunny, suggesting a pleasant day, with shadows cast by the trees indicating the time of day might be late morning or early afternoon.",
    "video_frames": [
        "/proj/vcail_lab/users/zihaozou/data/virtual_kitti2/Scene02/clone/frames/rgb/Camera_1/rgb_00051.jpg",
        "/proj/vcail_lab/users/zihaozou/data/virtual_kitti2/Scene02/clone/frames/rgb/Camera_1/rgb_00052.jpg",
        "/proj/vcail_lab/users/zihaozou/data/virtual_kitti2/Scene02/clone/frames/rgb/Camera_1/rgb_00053.jpg",
        "/proj/vcail_lab/users/zihaozou/data/virtual_kitti2/Scene02/clone/frames/rgb/Camera_1/rgb_00054.jpg",
        "/proj/vcail_lab/users/zihaozou/data/virtual_kitti2/Scene02/clone/frames/rgb/Camera_1/rgb_00055.jpg",
        "/proj/vcail_lab/users/zihaozou/data/virtual_kitti2/Scene02/clone/frames/rgb/Camera_1/rgb_00056.jpg",
        "/proj/vcail_lab/users/zihaozou/data/virtual_kitti2/Scene02/clone/frames/rgb/Camera_1/rgb_00057.jpg",
        "/proj/vcail_lab/users/zihaozou/data/virtual_kitti2/Scene02/clone/frames/rgb/Camera_1/rgb_00058.jpg",
        "/proj/vcail_lab/users/zihaozou/data/virtual_kitti2/Scene02/clone/frames/rgb/Camera_1/rgb_00059.jpg",
        "/proj/vcail_lab/users/zihaozou/data/virtual_kitti2/Scene02/clone/frames/rgb/Camera_1/rgb_00060.jpg",
        "/proj/vcail_lab/users/zihaozou/data/virtual_kitti2/Scene02/clone/frames/rgb/Camera_1/rgb_00061.jpg",
        "/proj/vcail_lab/users/zihaozou/data/virtual_kitti2/Scene02/clone/frames/rgb/Camera_1/rgb_00062.jpg",
        "/proj/vcail_lab/users/zihaozou/data/virtual_kitti2/Scene02/clone/frames/rgb/Camera_1/rgb_00063.jpg",
        "/proj/vcail_lab/users/zihaozou/data/virtual_kitti2/Scene02/clone/frames/rgb/Camera_1/rgb_00064.jpg",
        "/proj/vcail_lab/users/zihaozou/data/virtual_kitti2/Scene02/clone/frames/rgb/Camera_1/rgb_00065.jpg",
        "/proj/vcail_lab/users/zihaozou/data/virtual_kitti2/Scene02/clone/frames/rgb/Camera_1/rgb_00066.jpg",
        "/proj/vcail_lab/users/zihaozou/data/virtual_kitti2/Scene02/clone/frames/rgb/Camera_1/rgb_00067.jpg"
    ]
}