{
    "extrinsics": [
        [
            [
                0.9597448110580444,
                -0.012467569671571255,
                -0.2805967926979065,
                -2.26010799407959
            ],
            [
                0.00821798574179411,
                0.9998331069946289,
                -0.016316359862685204,
                114.6417007446289
            ],
            [
                0.28075331449508667,
                0.013353600166738033,
                0.9596871137619019,
                0.4432626962661743
            ],
            [
                0.0,
                0.0,
                0.0,
                1.0
            ]
        ],
        [
            [
                0.9597442150115967,
                -0.01242155022919178,
                -0.280600905418396,
                -2.2539029121398926
            ],
            [
                0.008140628226101398,
                0.9998320937156677,
                -0.016416730359196663,
                114.6417007446289
            ],
            [
                0.2807578146457672,
                0.013471590355038643,
                0.9596840739250183,
                0.4565994143486023
            ],
            [
                0.0,
                0.0,
                0.0,
                1.0
            ]
        ],
        [
            [
                0.9597463011741638,
                -0.012465549632906914,
                -0.2805914878845215,
                -2.2578840255737305
            ],
            [
                0.008183284662663937,
                0.9998316168785095,
                -0.016428040340542793,
                114.6417007446289
            ],
            [
                0.28074911236763,
                0.013470590114593506,
                0.9596866965293884,
                0.4563930928707123
            ],
            [
                0.0,
                0.0,
                0.0,
                1.0
            ]
        ],
        [
            [
                0.9597340822219849,
                -0.012534529902040958,
                -0.28063011169433594,
                -2.2649970054626465
            ],
            [
                0.00823365431278944,
                0.999829888343811,
                -0.01649956963956356,
                114.6415023803711
            ],
            [
                0.28078919649124146,
                0.01352459006011486,
                0.9596741795539856,
                0.46211621165275574
            ],
            [
                0.0,
                0.0,
                0.0,
                1.0
            ]
        ],
        [
            [
                0.9597545266151428,
                -0.012497530318796635,
                -0.28056231141090393,
                -2.260063886642456
            ],
            [
                0.008194264024496078,
                0.9998301863670349,
                -0.016505880281329155,
                114.6416015625
            ],
            [
                0.28072088956832886,
                0.013542589731514454,
                0.9596939086914062,
                0.4638417959213257
            ],
            [
                0.0,
                0.0,
                0.0,
                1.0
            ]
        ],
        [
            [
                0.9597412943840027,
                -0.012510529719293118,
                -0.2806066870689392,
                -2.2609128952026367
            ],
            [
                0.008217209950089455,
                0.9998304843902588,
                -0.016471510753035545,
                114.6416015625
            ],
            [
                0.2807652950286865,
                0.013502590358257294,
                0.959681510925293,
                0.4587706923484802
            ],
            [
                0.0,
                0.0,
                0.0,
                1.0
            ]
        ],
        [
            [
                0.9597368240356445,
                -0.012514529749751091,
                -0.28062188625335693,
                -2.2607760429382324
            ],
            [
                0.008217135444283485,
                0.999830424785614,
                -0.016485240310430527,
                114.6416015625
            ],
            [
                0.28078049421310425,
                0.013515589758753777,
                0.9596769213676453,
                0.4599666893482208
            ],
            [
                0.0,
                0.0,
                0.0,
                1.0
            ]
        ],
        [
            [
                0.959746778011322,
                -0.01257053017616272,
                -0.2805851101875305,
                -2.266592025756836
            ],
            [
                0.008285824209451675,
                0.9998303055763245,
                -0.01645171083509922,
                114.6415023803711
            ],
            [
                0.2807443141937256,
                0.013464589603245258,
                0.959688127040863,
                0.45358121395111084
            ],
            [
                0.0,
                0.0,
                0.0,
                1.0
            ]
        ],
        [
            [
                0.959733784198761,
                -0.012520520016551018,
                -0.28063181042671204,
                -2.2603859901428223
            ],
            [
                0.008208953775465488,
                0.9998295903205872,
                -0.01653403975069523,
                114.6416015625
            ],
            [
                0.2807910144329071,
                0.013564580120146275,
                0.9596731066703796,
                0.4643695056438446
            ],
            [
                0.0,
                0.0,
                0.0,
                1.0
            ]
        ],
        [
            [
                0.9597402215003967,
                -0.012499540112912655,
                -0.2806107997894287,
                -2.257517099380493
            ],
            [
                0.008207989856600761,
                0.9998307824134827,
                -0.016463670879602432,
                114.6417007446289
            ],
            [
                0.28076910972595215,
                0.013497590087354183,
                0.9596803784370422,
                0.456137090921402
            ],
            [
                0.0,
                0.0,
                0.0,
                1.0
            ]
        ],
        [
            [
                0.959756076335907,
                -0.012515519745647907,
                -0.28055599331855774,
                -2.2589170932769775
            ],
            [
                0.008207427337765694,
                0.9998298287391663,
                -0.01652527041733265,
                114.6416015625
            ],
            [
                0.28071510791778564,
                0.013557580299675465,
                0.9596953988075256,
                0.4620372951030731
            ],
            [
                0.0,
                0.0,
                0.0,
                1.0
            ]
        ],
        [
            [
                0.959736704826355,
                -0.012496530078351498,
                -0.2806229889392853,
                -2.2562201023101807
            ],
            [
                0.0081967543810606,
                0.999830424785614,
                -0.016490759328007698,
                114.6417007446289
            ],
            [
                0.28078150749206543,
                0.01352658960968256,
                0.9596763849258423,
                0.4580090045928955
            ],
            [
                0.0,
                0.0,
                0.0,
                1.0
            ]
        ],
        [
            [
                0.9597538709640503,
                -0.012560499832034111,
                -0.28056129813194275,
                -2.2627649307250977
            ],
            [
                0.008234218694269657,
                0.9998283982276917,
                -0.016593610867857933,
                114.6416015625
            ],
            [
                0.28072160482406616,
                0.013615580275654793,
                0.9596927165985107,
                0.46770161390304565
            ],
            [
                0.0,
                0.0,
                0.0,
                1.0
            ]
        ],
        [
            [
                0.9597448706626892,
                -0.012512540444731712,
                -0.2805942893028259,
                -2.2567861080169678
            ],
            [
                0.008220468647778034,
                0.9998306035995483,
                -0.01646813005208969,
                114.6417007446289
            ],
            [
                0.2807528078556061,
                0.01349859032779932,
                0.959685206413269,
                0.4537510871887207
            ],
            [
                0.0,
                0.0,
                0.0,
                1.0
            ]
        ],
        [
            [
                0.9597386121749878,
                -0.012503519654273987,
                -0.2806161046028137,
                -2.25571608543396
            ],
            [
                0.008182517252862453,
                0.9998292922973633,
                -0.016564639285206795,
                114.6417007446289
            ],
            [
                0.2807753086090088,
                0.013601579703390598,
                0.9596772193908691,
                0.46499601006507874
            ],
            [
                0.0,
                0.0,
                0.0,
                1.0
            ]
        ],
        [
            [
                0.9597361087799072,
                -0.012495540082454681,
                -0.28062519431114197,
                -2.254465103149414
            ],
            [
                0.008199693635106087,
                0.9998306035995483,
                -0.016477059572935104,
                114.64179992675781
            ],
            [
                0.2807835042476654,
                0.01351258996874094,
                0.9596760272979736,
                0.45429790019989014
            ],
            [
                0.0,
                0.0,
                0.0,
                1.0
            ]
        ],
        [
            [
                0.9597592949867249,
                -0.01249552983790636,
                -0.28054580092430115,
                -2.254188060760498
            ],
            [
                0.00818616896867752,
                0.999829888343811,
                -0.016527250409126282,
                114.64179992675781
            ],
            [
                0.2807045876979828,
                0.013565580360591412,
                0.9596983194351196,
                0.45964381098747253
            ],
            [
                0.0,
                0.0,
                0.0,
                1.0
            ]
        ]
    ],
    "intrinsics": [
        [
            725.0087280273438,
            0.0,
            187.0
        ],
        [
            0.0,
            725.0087280273438,
            187.0
        ],
        [
            0.0,
            0.0,
            1.0
        ]
    ],
    "timestamp": [
        0.0,
        0.03333333507180214,
        0.06666667014360428,
        0.10000000894069672,
        0.13333334028720856,
        0.1666666716337204,
        0.20000001788139343,
        0.23333334922790527,
        0.2666666805744171,
        0.30000001192092896,
        0.3333333432674408,
        0.36666667461395264,
        0.40000003576278687,
        0.4333333671092987,
        0.46666669845581055,
        0.5,
        0.5333333611488342
    ],
    "captions": "a wide, empty road lined with trees and streetlights on both sides. A car drives into the frame from the right side, moving towards the center of the road.",
    "video_frames": [
        "/proj/vcail_lab/users/zihaozou/data/virtual_kitti2/Scene06/clone/frames/rgb/Camera_1/rgb_00017.jpg",
        "/proj/vcail_lab/users/zihaozou/data/virtual_kitti2/Scene06/clone/frames/rgb/Camera_1/rgb_00018.jpg",
        "/proj/vcail_lab/users/zihaozou/data/virtual_kitti2/Scene06/clone/frames/rgb/Camera_1/rgb_00019.jpg",
        "/proj/vcail_lab/users/zihaozou/data/virtual_kitti2/Scene06/clone/frames/rgb/Camera_1/rgb_00020.jpg",
        "/proj/vcail_lab/users/zihaozou/data/virtual_kitti2/Scene06/clone/frames/rgb/Camera_1/rgb_00021.jpg",
        "/proj/vcail_lab/users/zihaozou/data/virtual_kitti2/Scene06/clone/frames/rgb/Camera_1/rgb_00022.jpg",
        "/proj/vcail_lab/users/zihaozou/data/virtual_kitti2/Scene06/clone/frames/rgb/Camera_1/rgb_00023.jpg",
        "/proj/vcail_lab/users/zihaozou/data/virtual_kitti2/Scene06/clone/frames/rgb/Camera_1/rgb_00024.jpg",
        "/proj/vcail_lab/users/zihaozou/data/virtual_kitti2/Scene06/clone/frames/rgb/Camera_1/rgb_00025.jpg",
        "/proj/vcail_lab/users/zihaozou/data/virtual_kitti2/Scene06/clone/frames/rgb/Camera_1/rgb_00026.jpg",
        "/proj/vcail_lab/users/zihaozou/data/virtual_kitti2/Scene06/clone/frames/rgb/Camera_1/rgb_00027.jpg",
        "/proj/vcail_lab/users/zihaozou/data/virtual_kitti2/Scene06/clone/frames/rgb/Camera_1/rgb_00028.jpg",
        "/proj/vcail_lab/users/zihaozou/data/virtual_kitti2/Scene06/clone/frames/rgb/Camera_1/rgb_00029.jpg",
        "/proj/vcail_lab/users/zihaozou/data/virtual_kitti2/Scene06/clone/frames/rgb/Camera_1/rgb_00030.jpg",
        "/proj/vcail_lab/users/zihaozou/data/virtual_kitti2/Scene06/clone/frames/rgb/Camera_1/rgb_00031.jpg",
        "/proj/vcail_lab/users/zihaozou/data/virtual_kitti2/Scene06/clone/frames/rgb/Camera_1/rgb_00032.jpg",
        "/proj/vcail_lab/users/zihaozou/data/virtual_kitti2/Scene06/clone/frames/rgb/Camera_1/rgb_00033.jpg"
    ]
}