{
    "extrinsics": [
        [
            [
                0.9598984122276306,
                -0.012425520457327366,
                -0.2800726890563965,
                -1.7199989557266235
            ],
            [
                0.008104146458208561,
                0.9998295903205872,
                -0.016582300886511803,
                114.64189910888672
            ],
            [
                0.2802309989929199,
                0.013647579587996006,
                0.9598355889320374,
                0.4580656886100769
            ],
            [
                0.0,
                0.0,
                0.0,
                1.0
            ]
        ],
        [
            [
                0.9598947763442993,
                -0.012418510392308235,
                -0.28008541464805603,
                -1.7193939685821533
            ],
            [
                0.008075335063040257,
                0.9998286962509155,
                -0.016655320301651955,
                114.64189910888672
            ],
            [
                0.28024429082870483,
                0.013725570403039455,
                0.9598305821418762,
                0.4665862023830414
            ],
            [
                0.0,
                0.0,
                0.0,
                1.0
            ]
        ],
        [
            [
                0.9598863124847412,
                -0.012464519590139389,
                -0.2801123857498169,
                -1.724411964416504
            ],
            [
                0.008141725324094296,
                0.9998291730880737,
                -0.01659069024026394,
                114.64179992675781
            ],
            [
                0.28027141094207764,
                0.01364457979798317,
                0.9598237872123718,
                0.45721641182899475
            ],
            [
                0.0,
                0.0,
                0.0,
                1.0
            ]
        ],
        [
            [
                0.9598857164382935,
                -0.012363520450890064,
                -0.2801190912723541,
                -1.7129319906234741
            ],
            [
                0.008025338873267174,
                0.9998294711112976,
                -0.016628669574856758,
                114.64199829101562
            ],
            [
                0.280276894569397,
                0.013713570311665535,
                0.9598212242126465,
                0.46500739455223083
            ],
            [
                0.0,
                0.0,
                0.0,
                1.0
            ]
        ],
        [
            [
                0.9598923921585083,
                -0.012412520125508308,
                -0.280093789100647,
                -1.7184669971466064
            ],
            [
                0.008084014058113098,
                0.9998294711112976,
                -0.01660379022359848,
                114.64189910888672
            ],
            [
                0.2802520990371704,
                0.0136735700070858,
                0.9598289728164673,
                0.46002259850502014
            ],
            [
                0.0,
                0.0,
                0.0,
                1.0
            ]
        ],
        [
            [
                0.9598773121833801,
                -0.012440510094165802,
                -0.28014451265335083,
                -1.721634030342102
            ],
            [
                0.008095703087747097,
                0.9998283982276917,
                -0.0166610199958086,
                114.64189910888672
            ],
            [
                0.2803036868572235,
                0.013724570162594318,
                0.9598131775856018,
                0.4657956063747406
            ],
            [
                0.0,
                0.0,
                0.0,
                1.0
            ]
        ],
        [
            [
                0.9598786234855652,
                -0.012414519675076008,
                -0.28014108538627625,
                -1.7185319662094116
            ],
            [
                0.008092688396573067,
                0.9998298287391663,
                -0.01657884009182453,
                114.64199829101562
            ],
            [
                0.2802993059158325,
                0.013646580278873444,
                0.9598156809806824,
                0.45663169026374817
            ],
            [
                0.0,
                0.0,
                0.0,
                1.0
            ]
        ],
        [
            [
                0.9598482847213745,
                -0.012328539974987507,
                -0.2802487015724182,
                -1.7088110446929932
            ],
            [
                0.007999612018465996,
                0.999830424785614,
                -0.016585389152169228,
                114.64209747314453
            ],
            [
                0.28040561079978943,
                0.013677570037543774,
                0.959784209728241,
                0.45988720655441284
            ],
            [
                0.0,
                0.0,
                0.0,
                1.0
            ]
        ],
        [
            [
                0.9598488807678223,
                -0.012346530333161354,
                -0.28024569153785706,
                -1.7107479572296143
            ],
            [
                0.008019741624593735,
                0.999830424785614,
                -0.016580810770392418,
                114.64209747314453
            ],
            [
                0.28040289878845215,
                0.013667579740285873,
                0.9597851037979126,
                0.45849359035491943
            ],
            [
                0.0,
                0.0,
                0.0,
                1.0
            ]
        ],
        [
            [
                0.9598405957221985,
                -0.012416520155966282,
                -0.28027111291885376,
                -1.7186510562896729
            ],
            [
                0.008081138134002686,
                0.9998291730880737,
                -0.016618890687823296,
                114.64189910888672
            ],
            [
                0.2804296016693115,
                0.013686570338904858,
                0.9597769975662231,
                0.4602842926979065
            ],
            [
                0.0,
                0.0,
                0.0,
                1.0
            ]
        ],
        [
            [
                0.959844708442688,
                -0.012324529699981213,
                -0.2802610993385315,
                -1.7079739570617676
            ],
            [
                0.007990788668394089,
                0.9998301863670349,
                -0.016600679606199265,
                114.64209747314453
            ],
            [
                0.2804180979728699,
                0.013694570399820805,
                0.9597802758216858,
                0.4610651135444641
            ],
            [
                0.0,
                0.0,
                0.0,
                1.0
            ]
        ],
        [
            [
                0.9598339200019836,
                -0.012397539801895618,
                -0.280294805765152,
                -1.715798020362854
            ],
            [
                0.008092244155704975,
                0.9998309016227722,
                -0.01651201955974102,
                114.64199829101562
            ],
            [
                0.28045210242271423,
                0.013580580241978168,
                0.9597718715667725,
                0.44792911410331726
            ],
            [
                0.0,
                0.0,
                0.0,
                1.0
            ]
        ],
        [
            [
                0.9598438143730164,
                -0.012511500157415867,
                -0.2802557945251465,
                -1.7284049987792969
            ],
            [
                0.008164702914655209,
                0.9998276829719543,
                -0.016672270372509956,
                114.64179992675781
            ],
            [
                0.2804161012172699,
                0.013714569620788097,
                0.9597805738449097,
                0.46331989765167236
            ],
            [
                0.0,
                0.0,
                0.0,
                1.0
            ]
        ],
        [
            [
                0.9598240256309509,
                -0.012466499581933022,
                -0.28032559156417847,
                -1.7230349779129028
            ],
            [
                0.008120032027363777,
                0.9998282194137573,
                -0.016661200672388077,
                114.64189910888672
            ],
            [
                0.2804850935935974,
                0.013715569861233234,
                0.9597604274749756,
                0.4630129933357239
            ],
            [
                0.0,
                0.0,
                0.0,
                1.0
            ]
        ],
        [
            [
                0.9598404765129089,
                -0.0123445400968194,
                -0.28027451038360596,
                -1.7088630199432373
            ],
            [
                0.008019007742404938,
                0.9998304843902588,
                -0.01657472923398018,
                114.64209747314453
            ],
            [
                0.28043168783187866,
                0.01366156991571188,
                0.9597768187522888,
                0.45661619305610657
            ],
            [
                0.0,
                0.0,
                0.0,
                1.0
            ]
        ],
        [
            [
                0.9598454236984253,
                -0.012399530038237572,
                -0.28025540709495544,
                -1.7145589590072632
            ],
            [
                0.008073516190052032,
                0.999829888343811,
                -0.01658518984913826,
                114.64199829101562
            ],
            [
                0.28041329979896545,
                0.01365657988935709,
                0.9597821831703186,
                0.4554232954978943
            ],
            [
                0.0,
                0.0,
                0.0,
                1.0
            ]
        ],
        [
            [
                0.9598249793052673,
                -0.012471510097384453,
                -0.2803218960762024,
                -1.7227129936218262
            ],
            [
                0.008130228146910667,
                0.9998283982276917,
                -0.016644340008497238,
                114.64189910888672
            ],
            [
                0.28048139810562134,
                0.013696569949388504,
                0.9597616791725159,
                0.4596357047557831
            ],
            [
                0.0,
                0.0,
                0.0,
                1.0
            ]
        ]
    ],
    "intrinsics": [
        [
            725.0087280273438,
            0.0,
            187.0
        ],
        [
            0.0,
            725.0087280273438,
            187.0
        ],
        [
            0.0,
            0.0,
            1.0
        ]
    ],
    "timestamp": [
        0.0,
        0.03333333507180214,
        0.06666667014360428,
        0.10000000894069672,
        0.13333334028720856,
        0.1666666716337204,
        0.20000001788139343,
        0.23333334922790527,
        0.2666666805744171,
        0.30000001192092896,
        0.3333333432674408,
        0.36666667461395264,
        0.40000003576278687,
        0.4333333671092987,
        0.46666669845581055,
        0.5,
        0.5333333611488342
    ],
    "captions": "a wide, tree-lined road with multiple lanes and traffic moving smoothly. A red truck is seen driving away from the camera, while a white van approaches from the opposite direction. The scene is set on a clear day with bright sunlight illuminating the area.",
    "video_frames": [
        "/proj/vcail_lab/users/zihaozou/data/virtual_kitti2/Scene06/clone/frames/rgb/Camera_0/rgb_00136.jpg",
        "/proj/vcail_lab/users/zihaozou/data/virtual_kitti2/Scene06/clone/frames/rgb/Camera_0/rgb_00137.jpg",
        "/proj/vcail_lab/users/zihaozou/data/virtual_kitti2/Scene06/clone/frames/rgb/Camera_0/rgb_00138.jpg",
        "/proj/vcail_lab/users/zihaozou/data/virtual_kitti2/Scene06/clone/frames/rgb/Camera_0/rgb_00139.jpg",
        "/proj/vcail_lab/users/zihaozou/data/virtual_kitti2/Scene06/clone/frames/rgb/Camera_0/rgb_00140.jpg",
        "/proj/vcail_lab/users/zihaozou/data/virtual_kitti2/Scene06/clone/frames/rgb/Camera_0/rgb_00141.jpg",
        "/proj/vcail_lab/users/zihaozou/data/virtual_kitti2/Scene06/clone/frames/rgb/Camera_0/rgb_00142.jpg",
        "/proj/vcail_lab/users/zihaozou/data/virtual_kitti2/Scene06/clone/frames/rgb/Camera_0/rgb_00143.jpg",
        "/proj/vcail_lab/users/zihaozou/data/virtual_kitti2/Scene06/clone/frames/rgb/Camera_0/rgb_00144.jpg",
        "/proj/vcail_lab/users/zihaozou/data/virtual_kitti2/Scene06/clone/frames/rgb/Camera_0/rgb_00145.jpg",
        "/proj/vcail_lab/users/zihaozou/data/virtual_kitti2/Scene06/clone/frames/rgb/Camera_0/rgb_00146.jpg",
        "/proj/vcail_lab/users/zihaozou/data/virtual_kitti2/Scene06/clone/frames/rgb/Camera_0/rgb_00147.jpg",
        "/proj/vcail_lab/users/zihaozou/data/virtual_kitti2/Scene06/clone/frames/rgb/Camera_0/rgb_00148.jpg",
        "/proj/vcail_lab/users/zihaozou/data/virtual_kitti2/Scene06/clone/frames/rgb/Camera_0/rgb_00149.jpg",
        "/proj/vcail_lab/users/zihaozou/data/virtual_kitti2/Scene06/clone/frames/rgb/Camera_0/rgb_00150.jpg",
        "/proj/vcail_lab/users/zihaozou/data/virtual_kitti2/Scene06/clone/frames/rgb/Camera_0/rgb_00151.jpg",
        "/proj/vcail_lab/users/zihaozou/data/virtual_kitti2/Scene06/clone/frames/rgb/Camera_0/rgb_00152.jpg"
    ]
}