{
    "extrinsics": [
        [
            [
                0.6688088774681091,
                0.04305453971028328,
                -0.7421866059303284,
                31.94780921936035
            ],
            [
                -0.030746979638934135,
                0.9990693926811218,
                0.030249299481511116,
                106.9092025756836
            ],
            [
                0.7427983283996582,
                0.0025889959651976824,
                0.6695101857185364,
                -215.58790588378906
            ],
            [
                0.0,
                0.0,
                0.0,
                1.0
            ]
        ],
        [
            [
                0.6681926250457764,
                0.04345924034714699,
                -0.742717981338501,
                32.17219161987305
            ],
            [
                -0.030415650457143784,
                0.9990534782409668,
                0.03109470009803772,
                106.7217025756836
            ],
            [
                0.7433664202690125,
                0.0018129979725927114,
                0.6688820123672485,
                -216.24169921875
            ],
            [
                0.0,
                0.0,
                0.0,
                1.0
            ]
        ],
        [
            [
                0.6675816774368286,
                0.042681001126766205,
                -0.7433121800422668,
                32.2778205871582
            ],
            [
                -0.02948039025068283,
                0.999087929725647,
                0.03089079074561596,
                106.62689971923828
            ],
            [
                0.7439526915550232,
                0.001291000982746482,
                0.6682311296463013,
                -216.87860107421875
            ],
            [
                0.0,
                0.0,
                0.0,
                1.0
            ]
        ],
        [
            [
                0.6668587923049927,
                0.04211653023958206,
                -0.7439929842948914,
                32.43465042114258
            ],
            [
                -0.028569089248776436,
                0.9991124868392944,
                0.030951380729675293,
                106.48989868164062
            ],
            [
                0.7446361780166626,
                0.0006150007247924805,
                0.6674702167510986,
                -217.6020050048828
            ],
            [
                0.0,
                0.0,
                0.0,
                1.0
            ]
        ],
        [
            [
                0.6663606762886047,
                0.04249320179224014,
                -0.7444177269935608,
                32.615909576416016
            ],
            [
                -0.028372719883918762,
                0.9990968108177185,
                0.031633250415325165,
                106.34660339355469
            ],
            [
                0.7450894713401794,
                4.200078910798766e-05,
                0.6669644713401794,
                -218.273193359375
            ],
            [
                0.0,
                0.0,
                0.0,
                1.0
            ]
        ],
        [
            [
                0.6656147837638855,
                0.04286086931824684,
                -0.7450637221336365,
                32.872440338134766
            ],
            [
                -0.028768550604581833,
                0.999081015586853,
                0.03177272900938988,
                106.37860107421875
            ],
            [
                0.7457407712936401,
                0.0002859997912310064,
                0.6662362217903137,
                -218.9257049560547
            ],
            [
                0.0,
                0.0,
                0.0,
                1.0
            ]
        ],
        [
            [
                0.6649991273880005,
                0.042437221854925156,
                -0.7456374764442444,
                33.01560974121094
            ],
            [
                -0.029167920351028442,
                0.9990984201431274,
                0.03084919974207878,
                106.59320068359375
            ],
            [
                0.7462744116783142,
                0.0012340019457042217,
                0.6656373739242554,
                -219.45449829101562
            ],
            [
                0.0,
                0.0,
                0.0,
                1.0
            ]
        ],
        [
            [
                0.6642134189605713,
                0.04206344112753868,
                -0.7463586926460266,
                33.21583938598633
            ],
            [
                -0.02993166074156761,
                0.9991114735603333,
                0.02967081032693386,
                106.904296875
            ],
            [
                0.746943473815918,
                0.002631997922435403,
                0.6648823022842407,
                -219.9355926513672
            ],
            [
                0.0,
                0.0,
                0.0,
                1.0
            ]
        ],
        [
            [
                0.6632862091064453,
                0.04220790043473244,
                -0.7471746206283569,
                33.50774002075195
            ],
            [
                -0.03186633065342903,
                0.999095618724823,
                0.028150349855422974,
                107.44259643554688
            ],
            [
                0.7476871013641357,
                0.005137977190315723,
                0.6640313267707825,
                -220.3643035888672
            ],
            [
                0.0,
                0.0,
                0.0,
                1.0
            ]
        ],
        [
            [
                0.662594199180603,
                0.04307755082845688,
                -0.747738778591156,
                33.804351806640625
            ],
            [
                -0.033954910933971405,
                0.9990457892417908,
                0.02746698074042797,
                107.86119842529297
            ],
            [
                0.7482085824012756,
                0.0071899378672242165,
                0.6634246110916138,
                -220.7863006591797
            ],
            [
                0.0,
                0.0,
                0.0,
                1.0
            ]
        ],
        [
            [
                0.6617676019668579,
                0.04361753910779953,
                -0.7484390735626221,
                34.10634994506836
            ],
            [
                -0.035350359976291656,
                0.999011218547821,
                0.026963690295815468,
                108.15260314941406
            ],
            [
                0.748875081539154,
                0.008613892830908298,
                0.6626551151275635,
                -221.32989501953125
            ],
            [
                0.0,
                0.0,
                0.0,
                1.0
            ]
        ],
        [
            [
                0.6610866189002991,
                0.04314174875617027,
                -0.7490683197975159,
                34.27751922607422
            ],
            [
                -0.035513751208782196,
                0.999025821685791,
                0.026195289567112923,
                108.31400299072266
            ],
            [
                0.7494686841964722,
                0.009284868836402893,
                0.6619747281074524,
                -221.89669799804688
            ],
            [
                0.0,
                0.0,
                0.0,
                1.0
            ]
        ],
        [
            [
                0.6604517102241516,
                0.042931921780109406,
                -0.7496402263641357,
                34.45502853393555
            ],
            [
                -0.03540661931037903,
                0.9990342259407043,
                0.026020610705018044,
                108.33470153808594
            ],
            [
                0.7500333189964294,
                0.009356862865388393,
                0.6613339185714722,
                -222.52499389648438
            ],
            [
                0.0,
                0.0,
                0.0,
                1.0
            ]
        ],
        [
            [
                0.6597592234611511,
                0.043551430106163025,
                -0.7502139806747437,
                34.727840423583984
            ],
            [
                -0.03558735176920891,
                0.999009907245636,
                0.02669801004230976,
                108.24949645996094
            ],
            [
                0.7506340146064758,
                0.009083876386284828,
                0.6606557965278625,
                -223.2519989013672
            ],
            [
                0.0,
                0.0,
                0.0,
                1.0
            ]
        ],
        [
            [
                0.6591389179229736,
                0.042579468339681625,
                -0.7508147954940796,
                34.82435989379883
            ],
            [
                -0.03473031148314476,
                0.9990540742874146,
                0.026167690753936768,
                108.22350311279297
            ],
            [
                0.7512187957763672,
                0.008827883750200272,
                0.6599941849708557,
                -223.9069061279297
            ],
            [
                0.0,
                0.0,
                0.0,
                1.0
            ]
        ],
        [
            [
                0.6583349108695984,
                0.041775159537792206,
                -0.7515649795532227,
                34.995059967041016
            ],
            [
                -0.03428497165441513,
                0.9990866780281067,
                0.025501469150185585,
                108.28109741210938
            ],
            [
                0.7519440054893494,
                0.00897887907922268,
                0.6591659188270569,
                -224.5742950439453
            ],
            [
                0.0,
                0.0,
                0.0,
                1.0
            ]
        ],
        [
            [
                0.6576358079910278,
                0.04109175130724907,
                -0.7522146105766296,
                35.14427185058594
            ],
            [
                -0.033858828246593475,
                0.9991145133972168,
                0.02497768960893154,
                108.31620025634766
            ],
            [
                0.7525748014450073,
                0.009042877703905106,
                0.6584448218345642,
                -225.1887969970703
            ],
            [
                0.0,
                0.0,
                0.0,
                1.0
            ]
        ]
    ],
    "intrinsics": [
        [
            725.0087280273438,
            0.0,
            187.0
        ],
        [
            0.0,
            725.0087280273438,
            187.0
        ],
        [
            0.0,
            0.0,
            1.0
        ]
    ],
    "timestamp": [
        0.0,
        0.03333333507180214,
        0.06666667014360428,
        0.10000000894069672,
        0.13333334028720856,
        0.1666666716337204,
        0.20000001788139343,
        0.23333334922790527,
        0.2666666805744171,
        0.30000001192092896,
        0.3333333432674408,
        0.36666667461395264,
        0.40000003576278687,
        0.4333333671092987,
        0.46666669845581055,
        0.5,
        0.5333333611488342
    ],
    "captions": "a computer-generated scene of a multi-lane highway with cars driving on it, bordered by lush green trees and a clear sky. The perspective suggests the viewer is traveling down the road, with vehicles moving steadily forward.",
    "video_frames": [
        "/proj/vcail_lab/users/zihaozou/data/virtual_kitti2/Scene18/clone/frames/rgb/Camera_1/rgb_00238.jpg",
        "/proj/vcail_lab/users/zihaozou/data/virtual_kitti2/Scene18/clone/frames/rgb/Camera_1/rgb_00239.jpg",
        "/proj/vcail_lab/users/zihaozou/data/virtual_kitti2/Scene18/clone/frames/rgb/Camera_1/rgb_00240.jpg",
        "/proj/vcail_lab/users/zihaozou/data/virtual_kitti2/Scene18/clone/frames/rgb/Camera_1/rgb_00241.jpg",
        "/proj/vcail_lab/users/zihaozou/data/virtual_kitti2/Scene18/clone/frames/rgb/Camera_1/rgb_00242.jpg",
        "/proj/vcail_lab/users/zihaozou/data/virtual_kitti2/Scene18/clone/frames/rgb/Camera_1/rgb_00243.jpg",
        "/proj/vcail_lab/users/zihaozou/data/virtual_kitti2/Scene18/clone/frames/rgb/Camera_1/rgb_00244.jpg",
        "/proj/vcail_lab/users/zihaozou/data/virtual_kitti2/Scene18/clone/frames/rgb/Camera_1/rgb_00245.jpg",
        "/proj/vcail_lab/users/zihaozou/data/virtual_kitti2/Scene18/clone/frames/rgb/Camera_1/rgb_00246.jpg",
        "/proj/vcail_lab/users/zihaozou/data/virtual_kitti2/Scene18/clone/frames/rgb/Camera_1/rgb_00247.jpg",
        "/proj/vcail_lab/users/zihaozou/data/virtual_kitti2/Scene18/clone/frames/rgb/Camera_1/rgb_00248.jpg",
        "/proj/vcail_lab/users/zihaozou/data/virtual_kitti2/Scene18/clone/frames/rgb/Camera_1/rgb_00249.jpg",
        "/proj/vcail_lab/users/zihaozou/data/virtual_kitti2/Scene18/clone/frames/rgb/Camera_1/rgb_00250.jpg",
        "/proj/vcail_lab/users/zihaozou/data/virtual_kitti2/Scene18/clone/frames/rgb/Camera_1/rgb_00251.jpg",
        "/proj/vcail_lab/users/zihaozou/data/virtual_kitti2/Scene18/clone/frames/rgb/Camera_1/rgb_00252.jpg",
        "/proj/vcail_lab/users/zihaozou/data/virtual_kitti2/Scene18/clone/frames/rgb/Camera_1/rgb_00253.jpg",
        "/proj/vcail_lab/users/zihaozou/data/virtual_kitti2/Scene18/clone/frames/rgb/Camera_1/rgb_00254.jpg"
    ]
}