{
    "extrinsics": [
        [
            [
                0.676079511642456,
                0.03035598061978817,
                0.7362030744552612,
                2.9595749378204346
            ],
            [
                -0.016944410279393196,
                0.9995272755622864,
                -0.025653060525655746,
                114.70220184326172
            ],
            [
                -0.7366337776184082,
                0.004868981894105673,
                0.676274299621582,
                -21.36734962463379
            ],
            [
                0.0,
                0.0,
                0.0,
                1.0
            ]
        ],
        [
            [
                0.6792312860488892,
                0.030497929081320763,
                0.7332903146743774,
                3.0575690269470215
            ],
            [
                -0.017253609374165535,
                0.9995235800743103,
                -0.02558906003832817,
                114.70240020751953
            ],
            [
                -0.7337213754653931,
                0.004728983156383038,
                0.6794338822364807,
                -22.688840866088867
            ],
            [
                0.0,
                0.0,
                0.0,
                1.0
            ]
        ],
        [
            [
                0.6819565296173096,
                0.031669989228248596,
                0.7307068109512329,
                3.267038106918335
            ],
            [
                -0.01671168953180313,
                0.9994760155677795,
                -0.02772214077413082,
                114.74810028076172
            ],
            [
                -0.7312018275260925,
                0.006693950854241848,
                0.6821284294128418,
                -23.650470733642578
            ],
            [
                0.0,
                0.0,
                0.0,
                1.0
            ]
        ],
        [
            [
                0.6850743293762207,
                0.0316292904317379,
                0.7277861833572388,
                3.354275941848755
            ],
            [
                -0.014743650332093239,
                0.9994543194770813,
                -0.029557490721344948,
                114.82420349121094
            ],
            [
                -0.7283238768577576,
                0.009518856182694435,
                0.6851667761802673,
                -24.630939483642578
            ],
            [
                0.0,
                0.0,
                0.0,
                1.0
            ]
        ],
        [
            [
                0.6873418092727661,
                0.03262786939740181,
                0.7256008982658386,
                3.540613889694214
            ],
            [
                -0.0158770103007555,
                0.9994267821311951,
                -0.029901059344410896,
                114.81659698486328
            ],
            [
                -0.7261605858802795,
                0.009031875990331173,
                0.6874657869338989,
                -25.8688907623291
            ],
            [
                0.0,
                0.0,
                0.0,
                1.0
            ]
        ],
        [
            [
                0.6889951825141907,
                0.03364786133170128,
                0.72398442029953,
                3.7127339839935303
            ],
            [
                -0.018222950398921967,
                0.9994102120399475,
                -0.029106270521879196,
                114.76219940185547
            ],
            [
                -0.7245367765426636,
                0.006860943976789713,
                0.6892020106315613,
                -27.301820755004883
            ],
            [
                0.0,
                0.0,
                0.0,
                1.0
            ]
        ],
        [
            [
                0.6901432871818542,
                0.033540189266204834,
                0.722895085811615,
                3.739794969558716
            ],
            [
                -0.019151609390974045,
                0.999422013759613,
                -0.028086310252547264,
                114.7322998046875
            ],
            [
                -0.723419189453125,
                0.005538972094655037,
                0.6903867721557617,
                -28.75861930847168
            ],
            [
                0.0,
                0.0,
                0.0,
                1.0
            ]
        ],
        [
            [
                0.690751314163208,
                0.033043500036001205,
                0.7223371267318726,
                3.7015459537506104
            ],
            [
                -0.018914759159088135,
                0.9994391798973083,
                -0.02763194963335991,
                114.73690032958984
            ],
            [
                -0.7228450179100037,
                0.0054239737801253796,
                0.6909888982772827,
                -29.955509185791016
            ],
            [
                0.0,
                0.0,
                0.0,
                1.0
            ]
        ],
        [
            [
                0.6913763880729675,
                0.030742019414901733,
                0.7218403220176697,
                3.463149070739746
            ],
            [
                -0.019064180552959442,
                0.9995226860046387,
                -0.024308450520038605,
                114.67749786376953
            ],
            [
                -0.722243070602417,
                0.003044994082301855,
                0.6916326284408569,
                -31.407079696655273
            ],
            [
                0.0,
                0.0,
                0.0,
                1.0
            ]
        ],
        [
            [
                0.6922960877418518,
                0.029861560091376305,
                0.7209954261779785,
                3.409105062484741
            ],
            [
                -0.020830919966101646,
                0.9995539784431458,
                -0.021396910771727562,
                114.57659912109375
            ],
            [
                -0.7213128209114075,
                -0.000205999196623452,
                0.692609429359436,
                -33.06418991088867
            ],
            [
                0.0,
                0.0,
                0.0,
                1.0
            ]
        ],
        [
            [
                0.6931486129760742,
                0.03226538002490997,
                0.7200722098350525,
                3.7320799827575684
            ],
            [
                -0.021616600453853607,
                0.999478816986084,
                -0.023976830765604973,
                114.60810089111328
            ],
            [
                -0.7204704880714417,
                0.001053999993018806,
                0.6934847831726074,
                -34.087890625
            ],
            [
                0.0,
                0.0,
                0.0,
                1.0
            ]
        ],
        [
            [
                0.6936405897140503,
                0.03207110986113548,
                0.7196069955825806,
                3.735218048095703
            ],
            [
                -0.018681200221180916,
                0.9994732737541199,
                -0.02653695084154606,
                114.74639892578125
            ],
            [
                -0.7200791239738464,
                0.004963979125022888,
                0.6938744187355042,
                -34.81040954589844
            ],
            [
                0.0,
                0.0,
                0.0,
                1.0
            ]
        ],
        [
            [
                0.6942480802536011,
                0.034674711525440216,
                0.7189000248908997,
                4.065602779388428
            ],
            [
                -0.017761189490556717,
                0.9993600249290466,
                -0.031050000339746475,
                114.87740325927734
            ],
            [
                -0.7195165753364563,
                0.008787887170910835,
                0.6944196224212646,
                -35.655059814453125
            ],
            [
                0.0,
                0.0,
                0.0,
                1.0
            ]
        ],
        [
            [
                0.6950471997261047,
                0.03708780184388161,
                0.7180070281028748,
                4.382720947265625
            ],
            [
                -0.0189158096909523,
                0.9992662072181702,
                -0.03330497816205025,
                114.90339660644531
            ],
            [
                -0.7187153100967407,
                0.009566853754222393,
                0.6952387094497681,
                -36.72789001464844
            ],
            [
                0.0,
                0.0,
                0.0,
                1.0
            ]
        ],
        [
            [
                0.6962841153144836,
                0.035487979650497437,
                0.716888427734375,
                4.263919830322266
            ],
            [
                -0.017979919910430908,
                0.9993258714675903,
                -0.03200627118349075,
                114.91339874267578
            ],
            [
                -0.717540979385376,
                0.009395863860845566,
                0.6964529156684875,
                -37.905860900878906
            ],
            [
                0.0,
                0.0,
                0.0,
                1.0
            ]
        ],
        [
            [
                0.6971132755279541,
                0.033052559942007065,
                0.7161986827850342,
                4.030007839202881
            ],
            [
                -0.016427459195256233,
                0.9994109272956848,
                -0.030133109539747238,
                114.9291000366211
            ],
            [
                -0.7167729139328003,
                0.00924086943268776,
                0.6972455978393555,
                -39.193748474121094
            ],
            [
                0.0,
                0.0,
                0.0,
                1.0
            ]
        ],
        [
            [
                0.6977887153625488,
                0.03299989923834801,
                0.7155432105064392,
                4.061283111572266
            ],
            [
                -0.017170680686831474,
                0.9994217753410339,
                -0.029347380623221397,
                114.89630126953125
            ],
            [
                -0.7160977721214294,
                0.008191908709704876,
                0.6979519128799438,
                -40.46609878540039
            ],
            [
                0.0,
                0.0,
                0.0,
                1.0
            ]
        ]
    ],
    "intrinsics": [
        [
            725.0087280273438,
            0.0,
            187.0
        ],
        [
            0.0,
            725.0087280273438,
            187.0
        ],
        [
            0.0,
            0.0,
            1.0
        ]
    ],
    "timestamp": [
        0.0,
        0.03333333507180214,
        0.06666667014360428,
        0.10000000894069672,
        0.13333334028720856,
        0.1666666716337204,
        0.20000001788139343,
        0.23333334922790527,
        0.2666666805744171,
        0.30000001192092896,
        0.3333333432674408,
        0.36666667461395264,
        0.40000003576278687,
        0.4333333671092987,
        0.46666669845581055,
        0.5,
        0.5333333611488342
    ],
    "captions": "a serene urban street scene with lush green trees lining both sides, casting dappled shadows on the road. A few cars are seen driving along the road, and the overall atmosphere is calm and peaceful under a clear sky.",
    "video_frames": [
        "/proj/vcail_lab/users/zihaozou/data/virtual_kitti2/Scene02/clone/frames/rgb/Camera_1/rgb_00017.jpg",
        "/proj/vcail_lab/users/zihaozou/data/virtual_kitti2/Scene02/clone/frames/rgb/Camera_1/rgb_00018.jpg",
        "/proj/vcail_lab/users/zihaozou/data/virtual_kitti2/Scene02/clone/frames/rgb/Camera_1/rgb_00019.jpg",
        "/proj/vcail_lab/users/zihaozou/data/virtual_kitti2/Scene02/clone/frames/rgb/Camera_1/rgb_00020.jpg",
        "/proj/vcail_lab/users/zihaozou/data/virtual_kitti2/Scene02/clone/frames/rgb/Camera_1/rgb_00021.jpg",
        "/proj/vcail_lab/users/zihaozou/data/virtual_kitti2/Scene02/clone/frames/rgb/Camera_1/rgb_00022.jpg",
        "/proj/vcail_lab/users/zihaozou/data/virtual_kitti2/Scene02/clone/frames/rgb/Camera_1/rgb_00023.jpg",
        "/proj/vcail_lab/users/zihaozou/data/virtual_kitti2/Scene02/clone/frames/rgb/Camera_1/rgb_00024.jpg",
        "/proj/vcail_lab/users/zihaozou/data/virtual_kitti2/Scene02/clone/frames/rgb/Camera_1/rgb_00025.jpg",
        "/proj/vcail_lab/users/zihaozou/data/virtual_kitti2/Scene02/clone/frames/rgb/Camera_1/rgb_00026.jpg",
        "/proj/vcail_lab/users/zihaozou/data/virtual_kitti2/Scene02/clone/frames/rgb/Camera_1/rgb_00027.jpg",
        "/proj/vcail_lab/users/zihaozou/data/virtual_kitti2/Scene02/clone/frames/rgb/Camera_1/rgb_00028.jpg",
        "/proj/vcail_lab/users/zihaozou/data/virtual_kitti2/Scene02/clone/frames/rgb/Camera_1/rgb_00029.jpg",
        "/proj/vcail_lab/users/zihaozou/data/virtual_kitti2/Scene02/clone/frames/rgb/Camera_1/rgb_00030.jpg",
        "/proj/vcail_lab/users/zihaozou/data/virtual_kitti2/Scene02/clone/frames/rgb/Camera_1/rgb_00031.jpg",
        "/proj/vcail_lab/users/zihaozou/data/virtual_kitti2/Scene02/clone/frames/rgb/Camera_1/rgb_00032.jpg",
        "/proj/vcail_lab/users/zihaozou/data/virtual_kitti2/Scene02/clone/frames/rgb/Camera_1/rgb_00033.jpg"
    ]
}